# Energy (eV)	Intensity
700.000000	1614361.000000
700.300000	1605639.000000
700.600000	1600690.000000
700.900000	1599504.000000
701.200000	1593129.000000
701.500000	1589528.000000
701.800000	1591741.000000
702.100000	1583180.000000
702.400000	1579605.000000
702.700000	1578430.000000
703.000000	1568669.000000
703.100000	1572488.000000
703.200000	1575847.000000
703.300000	1576877.000000
703.400000	1571857.000000
703.500000	1576875.000000
703.600000	1567990.000000
703.700000	1572883.000000
703.800000	1568808.000000
703.900000	1568197.000000
704.000000	1566343.000000
704.100000	1566549.000000
704.200000	1561468.000000
704.300000	1563202.000000
704.400000	1562532.000000
704.500000	1562936.000000
704.600000	1560795.000000
704.700000	1563848.000000
704.800000	1561566.000000
704.900000	1556589.000000
705.000000	1553463.000000
705.100000	1554375.000000
705.200000	1553346.000000
705.300000	1551529.000000
705.400000	1548601.000000
705.500000	1549582.000000
705.600000	1544193.000000
705.700000	1545072.000000
705.800000	1545617.000000
705.900000	1546185.000000
706.000000	1540465.000000
706.100000	1538860.000000
706.200000	1540244.000000
706.300000	1543368.000000
706.400000	1542171.000000
706.500000	1537607.000000
706.600000	1534481.000000
706.700000	1534563.000000
706.800000	1532460.000000
706.900000	1532283.000000
707.000000	1528259.000000
707.100000	1527855.000000
707.200000	1529198.000000
707.300000	1528038.000000
707.400000	1525243.000000
707.500000	1531876.000000
707.600000	1530889.000000
707.700000	1528051.000000
707.800000	1536037.000000
707.900000	1535326.000000
708.000000	1537135.000000
708.100000	1527128.000000
708.200000	1538509.000000
708.300000	1542719.000000
708.400000	1543682.000000
708.500000	1543244.000000
708.600000	1539354.000000
708.700000	1545171.000000
708.800000	1540072.000000
708.900000	1540408.000000
709.000000	1542012.000000
709.100000	1547079.000000
709.200000	1550313.000000
709.300000	1544614.000000
709.400000	1549914.000000
709.500000	1548474.000000
709.600000	1545872.000000
709.700000	1546532.000000
709.800000	1545669.000000
709.900000	1539792.000000
710.000000	1538416.000000
710.100000	1536140.000000
710.200000	1530197.000000
710.300000	1532155.000000
710.400000	1522501.000000
710.500000	1527050.000000
710.600000	1526575.000000
710.700000	1527353.000000
710.800000	1527252.000000
710.900000	1525551.000000
711.000000	1519816.000000
711.100000	1520650.000000
711.200000	1518438.000000
711.300000	1518552.000000
711.400000	1520325.000000
711.500000	1523629.000000
711.600000	1520337.000000
711.700000	1520696.000000
711.800000	1518665.000000
711.900000	1514409.000000
712.000000	1509893.000000
712.100000	1507423.000000
712.200000	1514395.000000
712.300000	1510215.000000
712.400000	1510179.000000
712.500000	1507966.000000
712.600000	1505231.000000
712.700000	1509222.000000
712.800000	1507148.000000
712.900000	1504671.000000
713.000000	1505503.000000
713.100000	1504289.000000
713.200000	1501649.000000
713.300000	1503915.000000
713.400000	1496167.000000
713.500000	1496734.000000
713.600000	1499273.000000
713.700000	1489826.000000
713.800000	1498201.000000
713.900000	1494761.000000
714.500000	1484328.000000
715.000000	1481652.000000
715.500000	1474403.000000
716.000000	1475874.000000
716.500000	1469599.000000
717.000000	1466537.000000
717.500000	1458669.000000
718.000000	1460170.000000
718.100000	1452879.000000
718.200000	1456092.000000
718.300000	1456639.000000
718.400000	1452123.000000
718.500000	1451111.000000
718.600000	1447698.000000
718.700000	1448649.000000
718.800000	1443656.000000
718.900000	1438950.000000
719.000000	1441509.000000
719.100000	1439252.000000
719.200000	1442152.000000
719.300000	1446922.000000
719.400000	1447470.000000
719.500000	1443549.000000
719.600000	1449819.000000
719.700000	1442563.000000
719.800000	1445625.000000
719.900000	1443042.000000
720.000000	1440951.000000
720.100000	1440766.000000
720.200000	1439520.000000
720.300000	1437153.000000
720.400000	1437965.000000
720.500000	1438842.000000
720.600000	1439349.000000
720.700000	1439130.000000
720.800000	1440751.000000
720.900000	1436474.000000
721.000000	1434101.000000
721.100000	1426790.000000
721.200000	1431774.000000
721.300000	1432940.000000
721.400000	1431209.000000
721.500000	1431273.000000
721.600000	1428497.000000
721.700000	1428964.000000
721.800000	1430258.000000
721.900000	1427607.000000
722.000000	1422140.000000
722.100000	1421188.000000
722.200000	1421350.000000
722.300000	1421343.000000
722.400000	1424569.000000
722.500000	1420182.000000
722.600000	1421484.000000
722.700000	1415552.000000
722.800000	1420863.000000
722.900000	1418400.000000
723.000000	1417449.000000
723.100000	1419760.000000
723.200000	1416331.000000
723.300000	1415454.000000
723.400000	1414467.000000
723.500000	1414629.000000
723.600000	1411498.000000
723.700000	1408883.000000
723.800000	1409444.000000
723.900000	1411958.000000
724.000000	1407443.000000
724.100000	1406978.000000
724.200000	1402736.000000
724.300000	1400749.000000
724.400000	1407585.000000
724.500000	1403194.000000
724.600000	1401294.000000
724.700000	1395594.000000
724.800000	1401465.000000
724.900000	1395688.000000
725.000000	1397260.000000
725.100000	1391311.000000
725.200000	1397190.000000
725.300000	1395776.000000
725.400000	1398282.000000
725.500000	1396154.000000
725.600000	1389333.000000
725.700000	1393686.000000
725.800000	1391464.000000
725.900000	1391402.000000
726.000000	1388730.000000
726.100000	1389900.000000
726.200000	1388694.000000
726.300000	1390155.000000
726.400000	1385992.000000
726.500000	1387666.000000
726.600000	1386428.000000
726.700000	1380434.000000
726.800000	1379185.000000
726.900000	1377741.000000
727.000000	1377924.000000
727.100000	1374902.000000
727.200000	1375622.000000
727.300000	1371756.000000
727.400000	1369810.000000
727.500000	1369914.000000
727.600000	1370327.000000
727.700000	1375705.000000
727.800000	1382900.000000
727.900000	1373486.000000
728.000000	1375923.000000
728.100000	1375176.000000
728.200000	1372564.000000
728.300000	1375171.000000
728.400000	1369629.000000
728.500000	1364279.000000
728.600000	1364813.000000
728.700000	1363276.000000
728.800000	1363569.000000
728.900000	1362468.000000
729.300000	1365581.000000
729.600000	1358632.000000
729.900000	1350845.000000
730.200000	1352708.000000
730.500000	1349920.000000
730.800000	1346216.000000
731.100000	1350697.000000
731.400000	1344224.000000
731.700000	1340117.000000
732.000000	1334418.000000
732.300000	1329630.000000
732.600000	1324348.000000
732.900000	1330457.000000
733.200000	1325599.000000
733.500000	1319976.000000
733.800000	1315291.000000
734.100000	1315694.000000
734.400000	1311771.000000
734.700000	1305403.000000
735.000000	1306296.000000
735.300000	1302874.000000
735.600000	1300294.000000
736.100000	1294276.000000
736.600000	1289060.000000
737.100000	1287703.000000
737.600000	1286622.000000
738.100000	1282839.000000
738.600000	1276390.000000
739.100000	1273468.000000
739.600000	1273552.000000
740.100000	1268521.000000
740.600000	1268680.000000
741.100000	1261455.000000
741.600000	1261938.000000
742.100000	1258367.000000
742.600000	1248708.000000
743.100000	1243341.000000
743.600000	1246913.000000
744.100000	1241649.000000
744.600000	1237576.000000
